======================================================================
FRAME DISTRIBUTION ANALYSIS SUMMARY
======================================================================


FRONT VIEW:
  Videos: 1574
  Frame count - Min: 24, Median: 73, Mean: 87.3, Max: 391
  Duration - Min: 0.80s, Median: 2.37s, Max: 6.52s
  FPS values: [23.14814814814815, 23.80952380952381, 24.0, 24.019607843137255, 24.03846153846154, 24.074074074074073, 24.09090909090909, 24.107142857142858, 24.12280701754386, 24.152542372881356, 24.18032786885246, 24.404761904761905, 24.46808510638298, 24.479166666666668, 24.489795918367346, 27.894736842105264, 28.89137737961926, 28.94736842105263, 29.085872576177284, 29.111842105263158, 29.1866028708134, 29.290617848970253, 29.355077835433654, 29.4010889292196, 29.425837320574164, 29.43800178412132, 29.473684210526315, 29.49681897050318, 29.50413223140496, 29.513034923757992, 29.519450800915333, 29.550941574118784, 29.56326987681971, 29.57074721780604, 29.587482219061165, 29.605263157894736, 29.645542427497315, 29.650462032944958, 29.653401797175867, 29.65675057208238, 29.66507177033493, 29.677419354838708, 29.702970297029704, 29.707602339181285, 29.721362229102166, 29.736842105263158, 29.73939703628002, 29.748283752860413, 29.757085020242915, 29.764065335753177, 29.77667493796526, 29.77911098991001, 29.781771501925547, 29.794826048171277, 29.799851742031134, 29.807692307692307, 29.81366459627329, 29.82456140350877, 29.834254143646408, 29.838709677419356, 29.840656687590535, 29.848594087959626, 29.85645933014354, 29.862700228832953, 29.86425339366516, 29.871977240398294, 29.87854251012146, 29.881154499151105, 29.887218045112782, 29.89010989010989, 29.89152269987947, 29.894736842105264, 29.899216125419933, 29.91026919242273, 29.916897506925206, 29.92930086410055, 29.931350114416475, 29.938482570061517, 29.941520467836256, 29.945553539019965, 29.95090016366612, 29.9511665762344, 29.959514170040485, 29.96777658431794, 29.96941896024465, 29.97002997002997, 29.97275204359673, 29.973238180196255, 29.975, 29.975429975429975, 29.975825946817082, 29.976209357652657, 29.978586723768736, 29.978888106966924, 29.980013324450365, 29.980532121998703, 29.980781550288278, 29.981261711430356, 29.98149290561382, 29.984051036682615, 29.98673153471915, 29.98718496369073, 29.988640666414238, 29.99006951340616, 30.0, 30.003000300030003, 30.013, 30.015633142261596, 30.019493177387915, 30.025, 30.02588438308887, 30.03095975232198, 30.033124769966875, 30.038, 30.038510911424904, 30.04267425320057, 30.045988758303526, 30.050933786078097, 30.0570703868104, 30.060728744939272, 30.063157894736843, 30.065, 30.074257425742573, 30.075187969924812, 30.083102493074794, 30.084348641049672, 30.08702859510982, 30.089374379344587, 30.092879256965944, 30.094043887147336, 30.10329562223315, 30.103806228373703, 30.11015911872705, 30.116959064327485, 30.12145748987854, 30.127041742286753, 30.13037180106229, 30.135610246107483, 30.14354066985646, 30.152801358234296, 30.154333201424613, 30.15966883500887, 30.16496465043205, 30.17543859649123, 30.179880079946702, 30.185758513931887, 30.19086176980914, 30.193905817174514, 30.194805194805195, 30.198019801980198, 30.20030816640986, 30.205949656750573, 30.215827338129497, 30.217785843920144, 30.225563909774436, 30.233766233766232, 30.235162374020156, 30.24085637823372, 30.244625648628613, 30.249307479224377, 30.252100840336134, 30.263157894736842, 30.269523151347617, 30.27027027027027, 30.281182408074983, 30.303030303030305, 30.31578947368421, 30.316742081447963, 30.328295987493487, 30.332409972299168, 30.340557275541794, 30.34351145038168, 30.346820809248555, 30.353430353430355, 30.357142857142858, 30.364372469635626, 30.379746835443036, 30.393996247654783, 30.42452830188679, 30.43062200956938, 30.440587449933243, 30.443974630021142, 30.451127819548873, 30.47091412742382, 30.501089324618736, 30.584707646176913, 30.76923076923077, 30.88235294117647, 59.67741935483871, 59.94005994005994, 60.0, 60.007]

SIDE VIEW:
  Videos: 1571
  Frame count - Min: 22, Median: 73, Mean: 82.2, Max: 244
  Duration - Min: 0.73s, Median: 2.37s, Max: 6.57s
  FPS values: [28.92156862745098, 29.23076923076923, 29.282296650717704, 29.285714285714285, 29.387755102040817, 29.425837320574164, 29.519450800915333, 29.545454545454547, 29.571428571428573, 29.605263157894736, 29.61038961038961, 29.620563035495717, 29.637096774193548, 29.642857142857142, 29.651162790697676, 29.65909090909091, 29.662077596996244, 29.68421052631579, 29.6875, 29.7196261682243, 29.727272727272727, 29.732142857142858, 29.73913043478261, 29.74137931034483, 29.76704055220017, 29.767441860465116, 29.774436090225564, 29.776119402985074, 29.77777777777778, 29.8, 29.850746268656717, 29.86425339366516, 29.885057471264368, 29.914529914529915, 29.916897506925206, 29.918032786885245, 29.938482570061517, 29.9625468164794, 29.96941896024465, 29.97002997002997, 29.971181556195965, 29.972247918593894, 29.97275204359673, 29.973238180196255, 29.97370727432077, 29.97459779847587, 29.975429975429975, 29.977289931869795, 29.97918112421929, 29.983342587451414, 29.984051036682615, 29.984544049459043, 29.996, 29.997, 30.0, 30.003, 30.013049151805134, 30.017, 30.026, 30.02729754322111, 30.031948881789138, 30.033, 30.034, 30.038510911424904, 30.069124423963135, 30.115830115830114, 30.123456790123456, 30.14354066985646, 30.158730158730158, 30.17543859649123, 30.215827338129497, 30.221625251846877, 30.23715415019763, 30.24, 30.240549828178693, 30.24085637823372, 30.241935483870968, 30.244625648628613, 30.285714285714285, 30.28846153846154, 30.303030303030305, 30.34351145038168, 30.352941176470587, 30.357142857142858, 30.379746835443036, 30.405405405405407, 30.422535211267604, 30.456852791878173, 30.460448642266822, 30.633802816901408, 31.304347826086957, 59.42857142857143, 59.55223880597015, 59.66480446927374, 59.732142857142854, 59.74025974025974, 59.94005994005994, 60.0]

COMBINED VIEW:
  Videos: 3145
  Frame count - Min: 22, Median: 73, Mean: 84.7, Max: 391
  Duration - Min: 0.73s, Median: 2.37s, Max: 6.57s
  FPS values: [23.14814814814815, 23.80952380952381, 24.0, 24.019607843137255, 24.03846153846154, 24.074074074074073, 24.09090909090909, 24.107142857142858, 24.12280701754386, 24.152542372881356, 24.18032786885246, 24.404761904761905, 24.46808510638298, 24.479166666666668, 24.489795918367346, 27.894736842105264, 28.89137737961926, 28.92156862745098, 28.94736842105263, 29.085872576177284, 29.111842105263158, 29.1866028708134, 29.23076923076923, 29.282296650717704, 29.285714285714285, 29.290617848970253, 29.355077835433654, 29.387755102040817, 29.4010889292196, 29.425837320574164, 29.43800178412132, 29.473684210526315, 29.49681897050318, 29.50413223140496, 29.513034923757992, 29.519450800915333, 29.545454545454547, 29.550941574118784, 29.56326987681971, 29.57074721780604, 29.571428571428573, 29.587482219061165, 29.605263157894736, 29.61038961038961, 29.620563035495717, 29.637096774193548, 29.642857142857142, 29.645542427497315, 29.650462032944958, 29.651162790697676, 29.653401797175867, 29.65675057208238, 29.65909090909091, 29.662077596996244, 29.66507177033493, 29.677419354838708, 29.68421052631579, 29.6875, 29.702970297029704, 29.707602339181285, 29.7196261682243, 29.721362229102166, 29.727272727272727, 29.732142857142858, 29.736842105263158, 29.73913043478261, 29.73939703628002, 29.74137931034483, 29.748283752860413, 29.757085020242915, 29.764065335753177, 29.76704055220017, 29.767441860465116, 29.774436090225564, 29.776119402985074, 29.77667493796526, 29.77777777777778, 29.77911098991001, 29.781771501925547, 29.794826048171277, 29.799851742031134, 29.8, 29.807692307692307, 29.81366459627329, 29.82456140350877, 29.834254143646408, 29.838709677419356, 29.840656687590535, 29.848594087959626, 29.850746268656717, 29.85645933014354, 29.862700228832953, 29.86425339366516, 29.871977240398294, 29.87854251012146, 29.881154499151105, 29.885057471264368, 29.887218045112782, 29.89010989010989, 29.89152269987947, 29.894736842105264, 29.899216125419933, 29.91026919242273, 29.914529914529915, 29.916897506925206, 29.918032786885245, 29.92930086410055, 29.931350114416475, 29.938482570061517, 29.941520467836256, 29.945553539019965, 29.95090016366612, 29.9511665762344, 29.959514170040485, 29.9625468164794, 29.96777658431794, 29.96941896024465, 29.97002997002997, 29.971181556195965, 29.972247918593894, 29.97275204359673, 29.973238180196255, 29.97370727432077, 29.97459779847587, 29.975, 29.975429975429975, 29.975825946817082, 29.976209357652657, 29.977289931869795, 29.978586723768736, 29.978888106966924, 29.97918112421929, 29.980013324450365, 29.980532121998703, 29.980781550288278, 29.981261711430356, 29.98149290561382, 29.983342587451414, 29.984051036682615, 29.984544049459043, 29.98673153471915, 29.98718496369073, 29.988640666414238, 29.99006951340616, 29.996, 29.997, 30.0, 30.003, 30.003000300030003, 30.013, 30.013049151805134, 30.015633142261596, 30.017, 30.019493177387915, 30.025, 30.02588438308887, 30.026, 30.02729754322111, 30.03095975232198, 30.031948881789138, 30.033, 30.033124769966875, 30.034, 30.038, 30.038510911424904, 30.04267425320057, 30.045988758303526, 30.050933786078097, 30.0570703868104, 30.060728744939272, 30.063157894736843, 30.065, 30.069124423963135, 30.074257425742573, 30.075187969924812, 30.083102493074794, 30.084348641049672, 30.08702859510982, 30.089374379344587, 30.092879256965944, 30.094043887147336, 30.10329562223315, 30.103806228373703, 30.11015911872705, 30.115830115830114, 30.116959064327485, 30.12145748987854, 30.123456790123456, 30.127041742286753, 30.13037180106229, 30.135610246107483, 30.14354066985646, 30.152801358234296, 30.154333201424613, 30.158730158730158, 30.15966883500887, 30.16496465043205, 30.17543859649123, 30.179880079946702, 30.185758513931887, 30.19086176980914, 30.193905817174514, 30.194805194805195, 30.198019801980198, 30.20030816640986, 30.205949656750573, 30.215827338129497, 30.217785843920144, 30.221625251846877, 30.225563909774436, 30.233766233766232, 30.235162374020156, 30.23715415019763, 30.24, 30.240549828178693, 30.24085637823372, 30.241935483870968, 30.244625648628613, 30.249307479224377, 30.252100840336134, 30.263157894736842, 30.269523151347617, 30.27027027027027, 30.281182408074983, 30.285714285714285, 30.28846153846154, 30.303030303030305, 30.31578947368421, 30.316742081447963, 30.328295987493487, 30.332409972299168, 30.340557275541794, 30.34351145038168, 30.346820809248555, 30.352941176470587, 30.353430353430355, 30.357142857142858, 30.364372469635626, 30.379746835443036, 30.393996247654783, 30.405405405405407, 30.422535211267604, 30.42452830188679, 30.43062200956938, 30.440587449933243, 30.443974630021142, 30.451127819548873, 30.456852791878173, 30.460448642266822, 30.47091412742382, 30.501089324618736, 30.584707646176913, 30.633802816901408, 30.76923076923077, 30.88235294117647, 31.304347826086957, 59.42857142857143, 59.55223880597015, 59.66480446927374, 59.67741935483871, 59.732142857142854, 59.74025974025974, 59.94005994005994, 60.0, 60.007]
